#ChipScope Pro Analyzer Project File, Version 3.0
#Fri Apr 03 12:44:10 IST 2015
mdiAreaHeight=0.7002688172043011
mdiAreaHeightLast=0.6935483870967742
mdiCount=0
navigatorHeight=0.1774193548387097
navigatorHeightLast=0.1774193548387097
navigatorWidth=0.14327062228654125
navigatorWidthLast=0.14327062228654125
signalDisplayPath=0
unit.-1.-1.username=
